


v 3.227124 -0.065127 -1.000000

v 3.227124 -0.065127 1.000000

v -3.227125 -0.065127 1.000000

v -3.227123 -0.065127 -1.000000

v 3.227126 1.934873 -0.999999

v 3.227122 1.934873 1.000001

v -3.227126 1.934873 1.000000

v -3.227124 1.934873 -1.000000

v 3.558682 1.924610 -1.102740

v 3.558677 1.924610 1.511141

v -3.558681 1.924610 1.511140

v -3.558679 1.924610 -1.102740

v 3.558682 2.083301 -1.102740

v 3.558677 2.083301 1.511141

v -3.558681 2.083301 1.511140

v -3.558679 2.083301 -1.102740

v 3.227124 -0.065127 -1.000000

v 3.227126 1.934873 -0.999999

v 3.227126 1.934873 -0.999999

v 3.227126 1.934873 -0.999999

v 3.227124 -0.065127 1.000000

v 3.227122 1.934873 1.000001

v 3.227122 1.934873 1.000001

v 3.227122 1.934873 1.000001

v -3.227125 -0.065127 1.000000

v -3.227126 1.934873 1.000000

v -3.227126 1.934873 1.000000

v -3.227126 1.934873 1.000000

v -3.227123 -0.065127 -1.000000

v -3.227124 1.934873 -1.000000

v -3.227124 1.934873 -1.000000

v -3.227124 1.934873 -1.000000

v 3.558682 1.924610 -1.102740

v 3.558677 1.924610 1.511141

v 3.558677 1.924610 1.511141

v 3.558677 1.924610 1.511141

v -3.558681 1.924610 1.511140

v -3.558681 1.924610 1.511140

v -3.558681 1.924610 1.511140

v -3.558679 1.924610 -1.102740

v -3.558679 1.924610 -1.102740

v 3.558682 2.083301 -1.102740

v 3.558677 2.083301 1.511141

v 3.558677 2.083301 1.511141

v -3.558679 2.083301 -1.102740

v -3.558679 2.083301 -1.102740

v -3.558681 2.083301 1.511140

v -3.558681 2.083301 1.511140

v -3.975889 5.109764 -0.703744

v -3.975889 -0.001038 -0.703744

v 4.035702 -0.001038 -0.703744

v 4.035702 5.109764 -0.703744

v 4.136954 -0.001038 -0.645286

v 4.136954 5.109764 -0.645286

v 4.136954 -0.001038 -0.528370

v 4.136954 5.109764 -0.528370

v 4.035702 -0.001038 -0.469912

v 4.035702 5.109764 -0.469912

v 3.934450 -0.001038 -0.528370

v 3.934450 5.109764 -0.528370

v 3.934450 -0.001038 -0.645286

v 3.934450 5.109764 -0.645286

v -3.874637 -0.001038 -0.645286

v -3.874637 5.109764 -0.645286

v -3.874637 -0.001038 -0.528370

v -3.874637 5.109764 -0.528370

v -3.975889 -0.001038 -0.469912

v -3.975889 5.109764 -0.469912

v -4.077142 -0.001038 -0.528370

v -4.077142 5.109764 -0.528370

v -4.077142 -0.001038 -0.645286

v -4.077142 5.109764 -0.645286

v -4.518063 -0.025686 3.868089

v -4.518063 -0.025686 3.580229

v 4.401308 -0.025686 3.580229

v 4.401308 -0.025686 3.868089

v -4.518063 3.617208 3.868089

v -4.518063 3.617208 3.580229

v 4.401308 3.617208 3.580229

v 4.401308 3.617208 3.868089

v -4.518063 4.016335 3.710218

v -4.518063 3.792680 3.528995

v 4.401308 3.792680 3.528995

v 4.401308 4.016335 3.710218

v -4.518063 4.490533 3.232638

v -4.518063 4.260199 3.059984

v 4.401308 4.260199 3.059984

v 4.401308 4.490533 3.232638

v -4.518063 5.251897 -0.749037

v -4.518063 5.051156 -0.716959

v 4.401308 5.051156 -0.716959

v 4.401308 5.251897 -0.749037

v -4.518063 4.733114 -1.423512

v -4.518063 4.593092 -1.289192

v 4.401308 4.593092 -1.289192

v 4.401308 4.733114 -1.423512

v -3.874637 5.109764 -0.528370

v -3.874637 -0.001038 -0.528370

v 3.934450 5.109764 -0.528370

v 3.934450 -0.001038 -0.528370

v 3.077599 2.080430 -1.292466

v 3.486084 2.080430 0.000798

v 1.220706 2.080430 0.716330

v 0.812221 2.080430 -0.576934

v 3.077599 2.174018 -1.292466

v 3.486084 2.174018 0.000798

v 1.220706 2.174018 0.716330

v 0.812221 2.174018 -0.576934

v 0.866186 2.174018 -0.491315

v 1.241163 2.174018 0.695864

v 1.353509 2.174018 0.660380

v 0.978532 2.174018 -0.526800

v 0.866186 2.080430 -0.491315

v 1.241163 2.080430 0.695864

v 1.353509 2.080430 0.660380

v 0.978532 2.080430 -0.526800

v 0.866186 2.545954 -0.491315

v 1.241163 2.545954 0.695864

v 1.353509 2.545954 0.660380

v 0.978532 2.545954 -0.526800

v 0.844122 2.174018 -0.561169

v 0.956468 2.174018 -0.596654

v 0.844122 2.080430 -0.561169

v 0.956468 2.080430 -0.596654

v 0.844122 2.545954 -0.561169

v 0.956468 2.545954 -0.596654

v 3.012783 2.174018 -1.169330

v 3.012783 2.080430 -1.169330

v 3.012783 2.545954 -1.169330

v 2.990720 2.174018 -1.239183

v 2.990720 2.080430 -1.239183

v 2.990720 2.545954 -1.239183

v 3.092841 2.174018 -1.194616

v 3.092841 2.080430 -1.194616

v 3.092841 2.545954 -1.194616

v 3.070777 2.174018 -1.264470

v 3.070777 2.080430 -1.264470

v 3.070777 2.545954 -1.264470

v 3.376227 2.174018 -0.018666

v 3.376227 2.080430 -0.018666

v 3.376227 2.545954 -0.018666

v 3.456284 2.174018 -0.043953

v 3.456284 2.080430 -0.043953

v 3.456284 2.545954 -0.043953

v 3.077599 2.174018 -1.292466

v 3.077599 2.174018 -1.292466

v 3.486084 2.174018 0.000798

v 3.486084 2.174018 0.000798

v 3.486084 2.080430 0.000798

v 3.486084 2.080430 0.000798

v 3.077599 2.080430 -1.292466

v 3.077599 2.080430 -1.292466

v 1.220706 2.174018 0.716330

v 1.220706 2.174018 0.716330

v 1.220706 2.080430 0.716330

v 1.220706 2.080430 0.716330

v 0.812221 2.174018 -0.576934

v 0.812221 2.174018 -0.576934

v 0.812221 2.080430 -0.576934

v 0.812221 2.080430 -0.576934

v 0.978532 2.080430 -0.526800

v 0.978532 2.080430 -0.526800

v 0.978532 2.080430 -0.526800

v 0.978532 2.080430 -0.526800

v 0.866186 2.080430 -0.491315

v 0.866186 2.080430 -0.491315

v 0.866186 2.080430 -0.491315

v 0.844122 2.080430 -0.561169

v 0.844122 2.080430 -0.561169

v 1.241163 2.080430 0.695864

v 1.241163 2.080430 0.695864

v 0.866186 2.174018 -0.491315

v 0.866186 2.174018 -0.491315

v 0.866186 2.174018 -0.491315

v 1.241163 2.174018 0.695864

v 1.241163 2.174018 0.695864

v 1.241163 2.174018 0.695864

v 1.353509 2.080430 0.660380

v 1.353509 2.080430 0.660380

v 1.353509 2.174018 0.660380

v 1.353509 2.174018 0.660380

v 1.353509 2.174018 0.660380

v 0.978532 2.174018 -0.526800

v 0.978532 2.174018 -0.526800

v 0.978532 2.174018 -0.526800

v 0.866186 2.545954 -0.491315

v 0.866186 2.545954 -0.491315

v 0.866186 2.545954 -0.491315

v 0.978532 2.545954 -0.526800

v 0.978532 2.545954 -0.526800

v 0.978532 2.545954 -0.526800

v 0.978532 2.545954 -0.526800

v 1.241163 2.545954 0.695864

v 1.241163 2.545954 0.695864

v 1.353509 2.545954 0.660380

v 1.353509 2.545954 0.660380

v 0.956468 2.080430 -0.596654

v 0.956468 2.080430 -0.596654

v 0.956468 2.080430 -0.596654

v 0.844122 2.174018 -0.561169

v 0.844122 2.174018 -0.561169

v 0.844122 2.174018 -0.561169

v 0.956468 2.174018 -0.596654

v 0.956468 2.174018 -0.596654

v 0.956468 2.174018 -0.596654

v 0.844122 2.545954 -0.561169

v 0.844122 2.545954 -0.561169

v 0.956468 2.545954 -0.596654

v 0.956468 2.545954 -0.596654

v 0.956468 2.545954 -0.596654

v 3.012783 2.174018 -1.169330

v 3.012783 2.174018 -1.169330

v 3.012783 2.174018 -1.169330

v 3.012783 2.080430 -1.169330

v 3.012783 2.080430 -1.169330

v 3.012783 2.080430 -1.169330

v 3.012783 2.080430 -1.169330

v 3.012783 2.545954 -1.169330

v 3.012783 2.545954 -1.169330

v 3.012783 2.545954 -1.169330

v 3.012783 2.545954 -1.169330

v 2.990720 2.080430 -1.239183

v 2.990720 2.080430 -1.239183

v 2.990720 2.080430 -1.239183

v 2.990720 2.174018 -1.239183

v 2.990720 2.174018 -1.239183

v 2.990720 2.174018 -1.239183

v 2.990720 2.545954 -1.239183

v 2.990720 2.545954 -1.239183

v 2.990720 2.545954 -1.239183

v 3.070777 2.174018 -1.264470

v 3.070777 2.174018 -1.264470

v 3.070777 2.174018 -1.264470

v 3.092841 2.080430 -1.194616

v 3.092841 2.080430 -1.194616

v 3.092841 2.080430 -1.194616

v 3.092841 2.174018 -1.194616

v 3.092841 2.174018 -1.194616

v 3.092841 2.174018 -1.194616

v 3.092841 2.545954 -1.194616

v 3.092841 2.545954 -1.194616

v 3.092841 2.545954 -1.194616

v 3.070777 2.080430 -1.264470

v 3.070777 2.080430 -1.264470

v 3.070777 2.545954 -1.264470

v 3.070777 2.545954 -1.264470

v 3.376227 2.174018 -0.018666

v 3.376227 2.174018 -0.018666

v 3.376227 2.174018 -0.018666

v 3.376227 2.080430 -0.018666

v 3.376227 2.080430 -0.018666

v 3.376227 2.545954 -0.018666

v 3.376227 2.545954 -0.018666

v 3.456284 2.080430 -0.043953

v 3.456284 2.080430 -0.043953

v 3.456284 2.174018 -0.043953

v 3.456284 2.174018 -0.043953

v 3.456284 2.174018 -0.043953

v 3.456284 2.545954 -0.043953

v 3.456284 2.545954 -0.043953

v 1.510815 2.137595 0.037730

v 1.349035 2.290844 -0.140367

v 1.591464 2.172901 -0.233612

v 1.784266 2.190338 -0.024086

v 1.660990 2.319058 0.198652

v 1.392003 2.381173 0.126783

v 1.522500 2.438301 -0.312256

v 1.791486 2.376186 -0.240387

v 1.834455 2.466515 0.026763

v 1.592026 2.584458 0.120008

v 1.399223 2.567021 -0.089519

v 1.672674 2.619764 -0.151334

v 2.497889 2.137595 -0.044384

v 2.336109 2.290844 -0.222481

v 2.578538 2.172901 -0.315726

v 2.771340 2.190338 -0.106200

v 2.648064 2.319058 0.116538

v 2.379078 2.381173 0.044669

v 2.509574 2.438301 -0.394370

v 2.778560 2.376186 -0.322502

v 2.821529 2.466515 -0.055351

v 2.579100 2.584458 0.037894

v 2.386297 2.567021 -0.171633

v 2.659748 2.619764 -0.233449

v 2.006507 2.137595 -0.316138

v 1.844727 2.290844 -0.494235

v 2.087156 2.172901 -0.587479

v 2.279958 2.190338 -0.377954

v 2.156682 2.319058 -0.155216

v 1.887695 2.381173 -0.227085

v 2.018192 2.438301 -0.666124

v 2.287179 2.376186 -0.594255

v 2.330147 2.466515 -0.327105

v 2.087718 2.584458 -0.233860

v 1.894915 2.567021 -0.443387

v 2.168366 2.619764 -0.505202

v 2.833736 2.426006 -0.583306

v 2.684991 2.845636 -1.079525

v 2.757221 2.366194 -0.574572

v 2.608476 2.785824 -1.070790

v 2.749703 2.246832 -0.600498

v 2.600958 2.666462 -1.096717

v 2.818701 2.187281 -0.635161

v 2.669955 2.606911 -1.131379

v 2.895216 2.247093 -0.643896

v 2.746471 2.666724 -1.140114

v 2.902734 2.366456 -0.617969

v 2.753989 2.786086 -1.114187

v 3.047219 2.426006 -0.650736

v 2.898475 2.845636 -1.146955

v 2.970704 2.366194 -0.642001

v 2.821959 2.785824 -1.138220

v 2.963186 2.246832 -0.667928

v 2.814442 2.666462 -1.164147

v 3.032184 2.187281 -0.702591

v 2.883439 2.606911 -1.198809

v 3.108700 2.247093 -0.711326

v 2.959954 2.666724 -1.207544

v 3.116217 2.366456 -0.685399

v 2.967472 2.786086 -1.181617

v -1.172064 2.145742 0.102815

v -1.274777 2.145742 0.043514

v -1.274777 2.075523 -0.065804

v -1.274777 2.111542 -0.065804

v -1.077392 2.075523 0.048156

v -1.077392 2.111542 0.048156

v -1.077392 2.075523 0.276076

v -1.077392 2.111542 0.276076

v -1.274777 2.075523 0.390036

v -1.274777 2.111542 0.390036

v -1.472162 2.075523 0.276076

v -1.472162 2.111542 0.276076

v -1.472162 2.075523 0.048156

v -1.472162 2.111542 0.048156

v -1.172064 2.145742 0.221418

v -1.274777 2.145742 0.280719

v -1.377490 2.145742 0.221418

v -1.377490 2.145742 0.102815

v -1.238618 2.209867 0.141240

v -1.274777 2.209867 0.120363

v -1.238618 2.209867 0.182993

v -1.274777 2.209867 0.203870

v -1.310936 2.209867 0.182993

v -1.310936 2.209867 0.141240

v -1.238618 2.579231 0.141240

v -1.274777 2.579231 0.120363

v -1.238618 2.579231 0.182993

v -1.274777 2.579231 0.203870

v -1.310936 2.579231 0.182993

v -1.310936 2.579231 0.141240

v -1.188232 2.648486 0.112150

v -1.274777 2.648486 0.062183

v -1.188232 2.648486 0.212083

v -1.274777 2.648486 0.262050

v -1.361322 2.648486 0.212083

v -1.361322 2.648486 0.112150

v -1.124406 2.740827 0.075299

v -1.274777 2.740827 -0.011518

v -1.124406 2.740827 0.248933

v -1.274777 2.740827 0.335750

v -1.425149 2.740827 0.248933

v -1.425149 2.740827 0.075299

v -1.080861 2.912683 0.050158

v -1.274777 2.912683 -0.061799

v -1.080861 2.912683 0.274074

v -1.274777 2.912683 0.386032

v -1.468694 2.912683 0.274074

v -1.468694 2.912683 0.050158

v -1.080861 3.117886 0.050158

v -1.274777 3.117886 -0.061799

v -1.080861 3.117886 0.274074

v -1.274777 3.117886 0.386032

v -1.468694 3.117886 0.274074

v -1.468694 3.117886 0.050158

v -1.099921 3.127254 0.059737

v -1.278856 3.127254 -0.043571

v -1.099921 3.127254 0.266354

v -1.278856 3.127254 0.369662

v -1.457792 3.127254 0.266354

v -1.457792 3.127254 0.059737

v -1.278856 2.680948 0.163046

v -1.922013 2.145742 -0.643475

v -2.024726 2.145742 -0.702776

v -2.024726 2.075523 -0.812093

v -2.024726 2.111542 -0.812093

v -1.827342 2.075523 -0.698134

v -1.827342 2.111542 -0.698134

v -1.827342 2.075523 -0.470213

v -1.827342 2.111542 -0.470213

v -2.024726 2.075523 -0.356253

v -2.024726 2.111542 -0.356253

v -2.222111 2.075523 -0.470213

v -2.222111 2.111542 -0.470213

v -2.222111 2.075523 -0.698134

v -2.222111 2.111542 -0.698134

v -1.922013 2.145742 -0.524872

v -2.024726 2.145742 -0.465571

v -2.127439 2.145742 -0.524872

v -2.127439 2.145742 -0.643475

v -1.988567 2.209867 -0.605050

v -2.024726 2.209867 -0.625927

v -1.988567 2.209867 -0.563297

v -2.024726 2.209867 -0.542420

v -2.060886 2.209867 -0.563297

v -2.060886 2.209867 -0.605050

v -1.988567 2.579231 -0.605050

v -2.024726 2.579231 -0.625927

v -1.988567 2.579231 -0.563297

v -2.024726 2.579231 -0.542420

v -2.060886 2.579231 -0.563297

v -2.060886 2.579231 -0.605050

v -1.938182 2.648486 -0.634140

v -2.024726 2.648486 -0.684107

v -1.938182 2.648486 -0.534207

v -2.024726 2.648486 -0.484240

v -2.111271 2.648486 -0.534207

v -2.111271 2.648486 -0.634140

v -1.874355 2.740827 -0.670991

v -2.024726 2.740827 -0.757808

v -1.874355 2.740827 -0.497356

v -2.024726 2.740827 -0.410539

v -2.175098 2.740827 -0.497356

v -2.175098 2.740827 -0.670991

v -1.830810 2.912683 -0.696131

v -2.024726 2.912683 -0.808089

v -1.830810 2.912683 -0.472216

v -2.024726 2.912683 -0.360258

v -2.218643 2.912683 -0.472216

v -2.218643 2.912683 -0.696131

v -1.830810 3.117886 -0.696131

v -2.024726 3.117886 -0.808089

v -1.830810 3.117886 -0.472216

v -2.024726 3.117886 -0.360258

v -2.218643 3.117886 -0.472216

v -2.218643 3.117886 -0.696131

v -1.849871 3.127254 -0.686552

v -2.028805 3.127254 -0.789860

v -1.849871 3.127254 -0.479936

v -2.028805 3.127254 -0.376628

v -2.207741 3.127254 -0.479936

v -2.207741 3.127254 -0.686552

v -2.028805 2.680948 -0.583244

v -3.080822 2.145742 0.848455

v -3.183535 2.145742 0.789153

v -3.183535 2.075523 0.679836

v -3.183535 2.111542 0.679836

v -2.986151 2.075523 0.793796

v -2.986151 2.111542 0.793796

v -2.986151 2.075523 1.021716

v -2.986151 2.111542 1.021716

v -3.183535 2.075523 1.135676

v -3.183535 2.111542 1.135676

v -3.380919 2.075523 1.021716

v -3.380919 2.111542 1.021716

v -3.380919 2.075523 0.793796

v -3.380919 2.111542 0.793796

v -3.080822 2.145742 0.967057

v -3.183535 2.145742 1.026358

v -3.286248 2.145742 0.967057

v -3.286248 2.145742 0.848455

v -3.147376 2.209867 0.886879

v -3.183535 2.209867 0.866003

v -3.147376 2.209867 0.928633

v -3.183535 2.209867 0.949509

v -3.219694 2.209867 0.928633

v -3.219694 2.209867 0.886879

v -3.147376 2.579231 0.886879

v -3.183535 2.579231 0.866003

v -3.147376 2.579231 0.928633

v -3.183535 2.579231 0.949509

v -3.219694 2.579231 0.928633

v -3.219694 2.579231 0.886879

v -3.096991 2.648486 0.857789

v -3.183535 2.648486 0.807823

v -3.096991 2.648486 0.957723

v -3.183535 2.648486 1.007689

v -3.270080 2.648486 0.957723

v -3.270080 2.648486 0.857789

v -3.033164 2.740827 0.820939

v -3.183534 2.740827 0.734122

v -3.033164 2.740827 0.994573

v -3.183534 2.740827 1.081390

v -3.333907 2.740827 0.994573

v -3.333907 2.740827 0.820939

v -2.989619 2.912683 0.795798

v -3.183534 2.912683 0.683840

v -2.989619 2.912683 1.019714

v -3.183534 2.912683 1.131672

v -3.377452 2.912683 1.019714

v -3.377452 2.912683 0.795798

v -2.989619 3.117886 0.795798

v -3.183534 3.117886 0.683840

v -2.989619 3.117886 1.019714

v -3.183534 3.117886 1.131672

v -3.377452 3.117886 1.019714

v -3.377452 3.117886 0.795798

v -3.008679 3.127254 0.805377

v -3.187614 3.127254 0.702069

v -3.008679 3.127254 1.011994

v -3.187614 3.127254 1.115302

v -3.366550 3.127254 1.011994

v -3.366550 3.127254 0.805377

v -3.187614 2.680948 0.908685

v 4.401308 3.617208 3.580229

v 4.401308 -0.025686 3.580229

v 4.401308 3.792680 3.528995

v 4.401308 4.260199 3.059984

v 4.401308 5.051156 -0.716959

v 4.401308 4.593092 -1.289192


































































































































































































































































































































































































































































































































































































































































































































































































































































































































































































































































































































































































































